1.4303498415426197
0.9365218371614678
1.9435649764537377
2.159017005880895
0.7051719028685439
1.3389354091156414
2.236072332357017
2.4549846794043555
1.2644418889907623
3.116174764426523
0.28849303640879204
1.6437301901278443
3.0389893579201948
2.095715542551442
0.9651390378946076
1.218485910791491
3.26253304377072
3.5388916940946524
3.3010701959419446
0.3265227942810724
2.520371477312541
1.8898344084657546
2.0313117364053883
3.104356166019917
1.8314891534385316
1.5075432153650785
1.766133301898867
2.122637732727891
1.0687106844214695
2.419443505383223
0.9053099337102181
1.9690414569355383
1.5682391401296478
2.104395730667862
0.9326473414595408
4.027474464170955
1.129831440782279
1.9282587816129009
0.7114932787889853
1.452449670610032
5.25281435760597
2.2292137733277984
3.184044961400866
1.004788728834875
3.4772743717510326
2.828234294642304
3.041811178917706
3.8063799585303575
1.1627127851135575
0.4480489703285026
2.66490038687054
0.2387583447518657
5.869236524915474
4.075466401001066
1.7559480146486548
0.7942161138743279
2.5424024953466473
1.5539950765007755
2.181100900956891
2.1426611869303094
1.4342383267913557
2.6764326906953664
1.7294169369107555
1.7844937879957397
2.607469012137932
0.8340508145242254
1.5987230521685434
0.9183848727404412
1.0411018247505688
1.0514288332944408
1.120385607428296
3.000390094981038
0.7426394977992122
1.2869493181102927
2.319784870851118
3.465693146211242
1.5622251033361174
1.0949113132527004
2.4114543838323304
3.5232720589964592
2.2179212012209177
2.5564332759949733
0.9957214634209997
1.386517157005626
2.108316567993483
1.0344116761603517
0.7091760320002228
2.1833409630214167
1.3010652769428244
2.4672067164173264
1.6705919556566893
4.49659133995258
3.037670857096285
1.1137959578542114
5.982238861725904
1.9988163100733176
1.9813007041168798
1.5283763269933244
5.139808377583041
1.7415204770304349
1.2375655638545415
1.350006636833985
2.369538937155719
0.6091708075674884
1.2505958163205264
1.013529231609983
4.4412042708070185
3.017336987995927
0.7924803969098758
1.4285722547469404
0.7369249639464807
1.6502245605310069
1.414451131866647
1.5484293642457314
2.4636791991733076
0.9457498763809364
4.035726171207562
0.29528675404357413
1.1630972694380841
1.0893540658081609
0.711394455223283
3.335431385691428
3.6692783005807583
3.293855830688292
1.604612277600618
1.1534599979375213
1.0861048930974178
2.0277705127575456
1.7993255887454442
0.8989478489023416
0.904911260293063
1.4380411941276607
1.312029082011196
3.2245114679957574
3.3709337244526623
2.5023012287751007
3.8244315579401027
1.8081388564545549
0.8464294406402939
3.1828258018999223
2.238877893418297
1.8522881020383808
1.9931964929709918
2.863978215210222
2.3589778955057064
3.8120420268991304
4.2974846100462125
3.022121618873824
2.176502849861134
0.8414579419865834
0.5155039042305619
2.6607061168588544
2.5199233528021225
3.1445283133218176
3.1328904732761886
1.0102073994908238
1.4675967945960806
1.2442080709983956
1.58187342464828
2.295559076527576
2.022119463221088
0.7594338618492855
2.5869519512384245
1.3787269018444854
1.1623542101206243
1.270684298570775
4.167478206615638
1.9787436815802444
3.4998430598084864
3.583709613899815
4.949333816794916
2.8025052007072864
2.465949394784229
1.9060025406394465
1.299982152005614
0.9307528644072366
1.7950301653229015
1.8870105305596496
2.9353016240464016
3.5135405327747393
0.32852265509096407
2.632460750604783
3.7967450394602245
3.1228743637173912
3.3772502852785666
2.055579883086249
1.9173175845288928
2.2257229339585716
3.7854234928957426
2.522764339792784
2.9521528995363737
2.9875800665159384
0.657630898034114
0.6950654094419113
2.5160548778677527
2.0022602900216633
3.3921222272710154
0.9566838032038258
2.4876351537032027
1.6585203113736737
2.9951176835431377
1.5124565568343613
0.8185217811042855
1.2039454048991434
1.4287028998536222
0.6175624513495401
2.645674792528032
2.340856604703323
3.026913530617098
3.1765850794665185
4.454402245129564
4.723958981407387
1.8128246833362283
0.27024438751429797
0.6771589690855402
2.0992553079457665
1.571882323571414
1.8967370327492667
2.010336218532175
1.4049831982159338
1.0771243196725884
2.7111020975312314
3.109794694048819
0.8033211788352334
1.4502438777902786
1.4248008934370078
5.374762966981577
0.5409208128898437
2.886129393476609
2.111189638419748
2.436253138427603
0.3345023256576882
2.2451837888217123
0.9424719393579718
3.402714405851242
2.537449916833324
2.299872747035563
2.4779605780109466
2.220549839999877
4.825426845483971
3.4443182575249676
0.40802448749097353
4.061581885168971
1.4084522399618324
2.517318474150432
0.5326191607299717
0.8487504154593817
0.6294095089715603
2.5924268638931878
3.6162630727061673
0.798717249751175
2.058970550516655
2.361126901428376
0.5366579426414559
1.557328931204677
4.231618687380605
2.1028369645313556
2.4438353330825264
4.067444940445732
2.238163229817991
3.097868038253734
3.1127836903919786
1.9110401150132506
3.406967700936843
0.9378241332455933
3.5669978313078983
1.9193660411563267
2.2245619547958935
1.9237318971695725
1.5209443824703601
0.47990008132387724
2.013242506062393
2.1114883270486167
1.456900682238494
1.8590106237105246
1.5351013342448512
1.7840529140901058
0.7599669683841636
1.9006777721030241
1.5402977244113176
1.862266818570602
0.7903806147551106
1.1160294539837883
1.5225761685791588
1.5515054714152476
1.5439649589782773
2.3916279099550506
3.651180886574402
1.4252841734360833
2.6230170344433605
2.6863045038139077
2.1217814387789167
3.67395620819527
3.3740186458988517
3.297875219394623
2.5599302790440186
1.9503527806204366
1.4300399429701627
1.3581276151767168
0.9663312874827232
4.5876655095989065
1.6691372408057328
3.2708195043957646
1.3751977069646402
6.282370780157575
2.9794413238792834
3.674317515876385
1.0866048797144119
6.607908935531871
1.0225532087179006
2.912142144954397
1.610067362777643
0.6974424803763886
1.5418752484633635
0.36512270599555646
3.3189982440225805
1.070921196136219
5.664598229820237
1.95042547588287
1.2141515864656383
0.8325583510929322
1.83142601170587
1.7839808352518869
1.684817257870477
1.412848342378937
2.9694242442569916
2.2659247003936414
4.402515181968015
2.62434231530152
1.8405452856668358
1.5760481113963243
0.43160216359463927
0.3442264485105686
3.9762128890310837
2.6647713707879044
0.545680040243178
1.3625496099107786
8.029188143272266
1.274018900691577
2.0688836022784636
1.0854478670072438
0.9395928183621677
0.8298079253867713
1.7998013893518054
1.4195587598010688
2.2690796667062023
2.5066827528823685
2.8208948788666737
0.6352255216798955
0.6063417801811795
1.587527936928712
2.0540634184764843
2.9210246061629905
1.1980694667084066
0.9510166766051628
1.986774758227759
3.291507315450449
4.796860914795302
0.6018536506661717
0.23473870962796176
1.1472697273042485
3.7878214416858964
1.5680772212172662
3.920818216929453
1.8234027340880856
1.4560680122839351
2.990108591196543
3.2094730659071593
4.282749587549197
1.0371490612221341
0.9136203041410373
1.7665444685094263
3.20516775493443
1.5505228844759458
3.478179333347045
0.8122929612236025
0.7676688257836595
1.3668575058362042
3.4907577372464687
1.1403484032622273
2.952449010813568
1.1373850374259087
4.949976651926205
2.3512703111685322
2.130311965903211
2.1245732219926166
6.236725071110366
1.6801628050244937
1.7918243703753323
1.3891028748587873
2.3183612767795565
3.1418571938791775
1.5040106825003559
3.9876915158583732
1.6965508957632773
1.4121916602195177
1.524827203482123
3.8935631530597967
1.9140196311527815
3.701530399028475
1.6001688117737087
4.270864218204054
1.062613010017566
2.235750652831123
3.4004111591940545
2.2539990760973803
3.9026767564484923
3.8262523852538894
2.1128728034516797
1.8738618808430316
2.8674430903382553
1.555844152957249
2.878416116681952
0.7241797058891758
0.9205032861718101
0.7190302623097818
2.0996310104147757
1.1210174957741559
1.2396185962986688
2.5761965215987654
3.7070976249974583
0.6912684982702085
2.709425627414474
1.275085138532761
1.6208321730241344
6.852908425891209
0.3852633921741824
0.739570126716411
1.9481842969482508
2.8101118668990597
2.3717188273597833
1.4732941165048075
0.7897385258472802
2.5506574602823675
1.9982070786504136
2.2336488606036022
1.825387675358518
1.7065310842674835
1.2842570451317081
2.5916752527084173
1.3929313335718674
0.9835560973136406
2.3919303204599163
0.8943220969263692
1.141664524198666
1.904351274517061
2.6244032775564277
1.7987993872410444
1.8469415136742997
1.6143764627970074
0.53096645341987
1.4395170081475017
3.763964659639971
2.1307662754719954
3.44170522636444
0.5800881465482294
1.2684047289322964
1.4571959223732869
2.6655991586427734
1.3510117508522494
1.461809059872131
3.7268059331202865
2.955579459274079
1.372106107436697
2.949589563113063
1.6185208069796966
1.7910789670476583
2.608009330085446
3.6293103726585296
1.2149624148110396
1.3511233608871709
4.572997032622431
0.8699958357087348
1.6358955248920979
1.920730505598553
1.054191682082319
1.4996168509602936
2.1068828467390635
0.6233993965344571
1.8566585897153516
0.7438701013120306
0.5393337111729598
1.4639236956190038
0.645693916523975
3.598552082788159
4.072776356922364
4.178419414533408
4.886494428175908
2.6401774920552845
1.4330063160230049
0.823973513662686
1.4157082344526155
1.9315308609108048
2.156148559485737
1.278709655855511
1.1948991941291567
1.6747750251116713
0.8089562202514862
1.6408935777053657
1.9580279745048967
1.2618573052602533
1.528564870926191
5.325901000787963
2.027664600154304
1.6010632029905967
4.881561694979448
2.5399787180261435
4.479974577092941
1.4534053573130823
1.5717345416749904
3.102716103443514
6.099847680066452
1.8033681459798303
1.1089559190828207
3.66109139005134
4.096660410084267
1.8636558480699832
1.4534081090279571
1.1670124826866186
2.785802762329265
4.673931705840133
1.1532852476838076
4.887166846744459
1.7967850361170328
0.9864797523647018
2.1590879317130978
1.6183223179427448
1.8162176939661712
2.9696229421555715
4.568630055016767
3.281297610583003
1.4230481583476458
0.6972001276265185
2.4851438511858577
3.338303326841865
1.7869626207994522
1.1423409180985564
3.179842200576387
0.9042289217965284
1.1254593166874245
1.5691638773665526
1.7923356950130946
1.747938880350958
2.4824397514210745
2.589926322697654
1.1127600241056619
2.7884675344273577
4.393726987475488
0.8699496099050302
0.949035338430478
0.48319660923304714
2.77863143919425
3.389577998138622
1.1666073021674956
2.237026044343617
3.322097696078263
2.1718509207475907
1.4819265618569974
0.5380911663109597
2.040377099870474
2.7669611859533614
4.056026791928042
1.2347090221785055
1.2359209707459007
1.9740169296403787
1.3170007005571986
3.0691911143878277
0.5205179316998957
1.3140638617116243
1.0222831680749176
2.3537307736056547
0.7362615049292267
4.829795418226554
1.16037538902056
3.89916317447029
2.264290357568798
1.7326788383441336
3.5505802692065767
1.9075905339219932
1.9257103176191892
2.394043168654658
1.3695718001999864
4.149331637864331
2.3901107899964065
0.5757833883056811
0.48056364294299625
0.6158935114929768
3.762351537114148
2.768763075028816
1.532127248209342
2.4496861946957416
4.754169759377193
1.6241538416551944
5.1550924811464665
2.4744050865622533
2.7208538938105504
3.243083567672928
2.3531033815563283
1.5417793802428854
1.188988244725078
2.7714233146264475
1.6120824645154352
3.6257214967190365
4.012552770285277
0.2737386917023748
5.550416594981793
0.7194738307089547
1.727431982247797
2.3511661708311418
3.0583850537037636
0.4044142144776128
2.9385483649188764
2.316993444786245
1.349725286978902
1.9261620063626588
0.8609454454709157
5.657472489105665
2.9985266765968994
2.973799571132582
2.6733127064345115
0.7824485512380397
1.8350532018107328
1.8588129419306882
3.1786936243451023
0.4904419844742658
1.4161853128253759
2.2659266327970857
1.259128190474105
0.6633452759206722
1.1349719681066532
2.8044518943907812
3.120149249796096
1.2217463796664363
0.43014339937480317
1.1520416272258607
2.350019429991816
3.5948983908611525
1.8739574847567289
4.013561286146215
1.825580422037428
0.47184711678504837
1.9820211136775374
0.9599033262587886
2.8140673327931647
0.7391517707238568
1.8921960684887422
2.093230813810276
1.3127207485511572
1.173210110451468
2.276169400510982
1.9431732237543644
2.6421952266911135
2.992352969166911
2.2282577131604953
0.4988737207620281
3.073358778877281
0.6797068788747188
1.64478113799429
1.7755682017723096
6.0915229269460776
1.850973725969619
2.642504229470335
2.142106263010818
1.4951449267867338
1.4192764616791929
3.1678481335976634
0.4010505949399951
1.8481622262083102
3.4880122900908366
2.992139785933939
2.102617315091422
1.739359064293317
1.542117932213525
1.6900519699183638
1.2200090486308055
1.4200656442519302
1.6821632546087157
1.7630253001353924
3.260475888141749
4.54834973573854
1.9577777586589251
2.0286810714822687
3.8512713091009787
1.8006734335138326
3.9913036372637434
1.976598469655719
2.143887614901714
2.959055260340534
2.3300434004204096
4.171770137834391
2.8613640848097446
1.0855036699663814
4.14906895718579
4.265582879866592
2.5099365904198603
1.7224628133138993
3.4366845850704424
1.4896867236572648
2.429601922378143
1.8667440915236269
0.8014680787996307
1.2821130474385487
1.8512829351760303
0.5493597293113045
1.6007218317097662
1.3705986861663
0.8261549298625693
2.747283174251713
1.8691801891384277
1.0628563290339637
1.814645662893699
1.8566809099477195
2.5591019218902415
4.393493810338835
1.819324627245168
1.0936973899495686
3.1928392667862426
0.8458572762389709
1.3622343964433512
1.4232526431897872
4.772040052948191
1.0845363802437893
1.645522489210632
5.414678040770528
0.8066145822177664
1.3822844074532508
2.969108287918597
1.9732830256038427
2.3275608001511037
0.990121818355734
0.805046397264746
1.0743772211531024
0.6310706703335499
2.503052921871475
3.690939932845126
2.58252444629272
3.6013737735177607
2.342281288949042
1.8540123280388983
1.3707120688623642
1.1614878871250944
1.8681620681598246
1.6252642549534815
2.5469818417152674
1.2111387100892246
1.221200262052635
2.2148572321811297
1.7853751591011615
1.4528189571507986
2.49194271063224
0.3701344999185689
0.765651530234604
0.7901970443577265
2.577008922924305
2.0043779097104784
1.9112179400381533
0.3988091631493064
2.279027573439408
5.7135821453329205
0.8931522982531462
2.0724019450248723
1.9586292141344064
0.7508295704766547
0.3022305409288653
2.632326815991441
1.4183221427650579
0.7358678597123672
1.3103414299404565
1.8315245756067449
2.5756813426158853
2.8827564480314263
1.5472395261612675
0.41768808205924907
1.9206497782626242
3.299121867195391
1.4217093868515827
1.2589377747104145
3.483130344129516
0.9871014966046312
1.8777939095033027
1.4979790299992215
1.9735038830754992
0.49955469705280015
1.6464473693914474
3.677498159452934
1.3976671453284693
0.6298490527614306
1.4317689308721278
2.594370864146994
1.2695352147952872
2.3106312255219326
1.1611917278294703
2.5022665655837795
0.6081530862294554
3.5824700985194213
1.8625070296504933
1.673657263405176
3.8660832596899684
3.256788280639789
0.7682442811893535
1.6287665726130935
2.227218922963026
1.269100995849966
2.068334337261066
0.7732317760649212
1.7684807090505885
1.7650986924513001
2.097656599579179
2.965181898885091
1.5264699100201506
2.3632581881479764
3.9716918314983416
3.965486592895536
0.35188766341124394
0.7578859849996448
2.798799065666483
3.121334400542723
2.360082587265301
2.074374677728401
1.7013051033811026
1.6359380170761044
1.235530314825821
1.6836755340751683
1.5363975735065754
1.8091263149840437
0.9887710323939839
2.5418198586435223
2.726773571837233
1.0263666020292532
0.9157089915100038
1.6205984882511064
3.836605561968288
2.247539337250839
0.911489101593402
2.668256442272628
1.3221865894647782
1.8573924039536776
1.197444082222938
2.724561088261833
1.8729013221094364
5.245804481729404
2.33477420595451
2.4764202896325864
1.1480320683573455
2.010482617378422
2.920249429185503
2.5754253307621133
2.1867729299333982
3.44137628050025
1.3968417133196411
1.9304350472470826
1.2467731741292418
1.44712735014065
1.3228818896153507
1.8167874908407398
0.6105124520360913
2.7290757044807923
2.7723743840473287
1.2957916058668606
5.065021795858834
2.9844834747099807
0.3802250159745128
2.1639485515920303
1.0141079107301998
3.5679934299971827
2.1590400235109937
2.528738905314605
2.4839247640934667
1.4335618499414078
1.470265755755215
2.4485104362936547
1.1034635006110851
5.052147823815015
1.9207642151442466
3.593040695952639
1.9744278220408802
1.540234731139149
1.6120291236730548
1.8873569287543235
1.5525872706130177
0.8923598657669214
2.6459569149001476
1.9698887807984329
0.6110280336937639
1.1046099832815024
3.5383250435250084
1.6383805597784473
0.9946078334952704
1.250091699793597
4.501866908828259
1.6040996976624469
4.648764469208522
1.4749406763388926
2.0907395317649238
2.8249906582546798
0.892516711249969
0.534164937232817
0.9813748538221047
2.015938857350963
0.5293309446050348
0.7058707669621217
2.934833322893972
1.843388221778118
1.2524681265224824
2.2142799442559244
0.3076009410666567
1.3444904175533563
2.564224419046251
2.9963824708756333
1.6027571350457945
0.7667920200252859
1.4330241319818495
0.6358103355986683
1.2266140586782583
2.0887605449477236
1.8817260232245259
1.5047470517837442
3.195177974499247
0.5072079121244653
2.0102504641681285
4.597881108227397
2.178828166784968
1.9553100084047537
1.9741476220494014
1.0741052920462197
0.9563035051075114
1.803184950795699
1.2560712240051102
1.700035035070424
1.7392416720609003
2.389469270287919
1.4868389080490438
0.6337553038828778
1.6588071634192894
2.3462483837915076
0.6169122838077632
1.9953465705190077
3.6882802646847552
4.8933062046664295
2.2902631135400933
3.502534352200765
1.3031615250616075
0.6720358984929361
2.2736526449546357
0.8556616706878218
1.8958975521178116
0.6020378183155187
4.646711694171896
1.5882825318537819
2.3295359029690625
0.8520076784336352
3.6845439073757738
3.1318174699280896
3.405454093135997
0.9058675162785851
2.0305172501798254
1.4411975536587924
1.7894460126426184
3.0983028799127172
0.9587477233277195
1.7010520947907612
2.333074667111925
2.4593136110776905
2.2568169587756093
0.9643202862897156
3.9269852284944307
2.5328495231179766
2.236799026784174
1.4258305659665214
1.5573077212114177
3.2940882145758286
1.3840252925817769
3.38884118500574
0.9163764327266993
1.2876886200996387
2.4603070709748827
2.9041945676058334
1.3192178504566352
3.107952942664567
1.694627973873518
6.235972662032913
2.3158473767605994
1.5665030972747331
2.0102842855858296
2.3936386351782564
1.8789225161492475
1.2201536775826716
3.0272359581344888
1.9891760221167047
1.195108282274986
1.993431352913614
0.2933389596319651
3.115628700917489
6.312259024143283
1.3550193266023822
1.4324028294586664
2.819925413175397
1.263673065466889
1.0502605802526375
1.8877857581818516