2.3115723632057086
1.8294236112574656
1.5240643546162307
2.8933925841112167
1.6135484204465613
1.9567106467117354
2.2944841867475563
1.9398200891616382
2.8153706415662887
2.501663696093804
2.679844158786066
1.7556251880337248
2.0944542237817276
0.9437335361575756
3.1189110890220677
2.6723267928893173
2.58262284752478
1.8813179957944692
1.74426435156082
1.718563229004009
2.821177787124267
2.495305886725049
1.4517819180237264
2.5276465432600124
2.198061041003611
1.7581481686468579
1.6807563854272831
2.6679243140066458
2.240243173054611
1.52983033954804
3.1270840767078703
2.2970965760066377
2.1028180774328686
1.6714509366316164
2.1898733721504673
1.9231908788398113
2.532357542974615
2.0559001972130857
2.383586558210476
2.46859773111748
1.5520339319820553
2.2263450690574684
2.7521642299400795
1.8912993881100557
2.6934158456871904
2.907880943377941
2.3048447478868477
3.580082294112783
1.5419124818306864
2.020603195515966
1.8642037156034155
2.4825821593603266
2.1442389909323283
1.9088991183461492
2.2091511831130872
2.5760331920047466
1.6653058472101192
1.7649320421278254
1.4046513017629927
1.9133370811020172
2.2267053435320063
1.5649888188868615
2.0532507287590365
2.0591653671115537
1.2534614024395099
1.4123668730563819
2.1547166938758453
1.6332836256520165
2.168593030316594
2.18127224771804
2.8280200435031677
1.7553425372334743
2.118017164968613
1.1150194098353952
1.8476477349356768
2.7111295938129505
2.37727958847182
2.2231452697540566
2.2615177771797668
2.788774723073333
2.5087925627781225
2.3619554773530327
1.9870042200006255
2.329455030362262
1.9272383231721284
2.6437442476034714
1.4894592176660555
1.9755765670284227
1.433275775216396
2.1504464171224766
2.051641157393329
3.202664299375148
2.479628270833494
1.512939863051499
1.5844700207575126
2.097192492785863
2.464370447624632
1.6418690976789863
2.646954792013278
2.696227601913863
1.651598238067499
2.6294248055277065
2.339729574400277
2.552575139698565
2.181177766528047
2.2380885872272303
1.6536059480964278
1.7605596060581044
2.3437998031328178
1.7104685277589284
1.9619678995425192
2.7651063454157576
1.8161121377658658
1.5490915593397598
1.612413873127534
1.533145721138683
1.5326098710380769
2.022101703308187
1.9273225796756037
2.8603879855983214
2.173112747954041
1.2460127003715753
1.7586845003197187
2.433536140358856
2.84846308424436
2.464504219993255
2.154594501225713
2.1847731459807007
2.085245692736028
2.5770517388378136
0.9687173420327158
1.6668656110327444
2.0998936361002807
2.2648693842835574
2.6749990886985646
2.581277858540348
2.2558275553718
1.1309451476956123
3.1111498530984205
2.0955221070408663
2.4381496588148006
2.1150632083170176
2.8617379919219417
1.9184001101149417
2.383610954454375
1.7321599684738158
2.967457477737954
1.9182142930063817
2.4713384728617505
3.1527311918186536
2.6999885454420367
2.5436903940266
1.9715258777810476
1.4365977086107158
2.332640708446957
2.451814829061736
2.4645647526442
1.674927027390716
1.615293332842788
2.234482336104717
2.2124058527187844
2.661146149990322
1.9007411747891587
2.5995072248838142
2.5367635620191735
1.6988876416646748
2.3048547115896936
1.862509746076688
2.0145721160591665
1.5241600511634887
1.932489806932223
1.5269578985238927
2.290628682252649
2.5233941121597123
2.493414745150579
2.051226076540413
2.281923774059182
2.507081316454458
1.8192085788088912
2.090751832257942
1.7360278907829363
3.1271288609035697
2.139993537900632
1.2649287774475404
3.218797299769587
1.9901395323707836
1.6302730114341575
2.7974000171486915
1.76122780871764
2.07420634485004
2.559120848753041
2.014648202023175
1.021382382325256
2.0330613445596835
1.89839938261461
2.20167892733942
2.749403510785932
1.7031574067233977
1.9529972935408622
2.0575720415155008
2.413684226683534
2.0092050615057637
2.090997522995715
2.1660800267647047
1.2016826251360895
2.08131609399464
2.3705954670051583
1.9970699961058918
1.97309708187759
2.2453253346949698
1.733449525104098
2.1379023381820765
3.1132236590443223
2.0605984555821877
2.4924582670282898
1.7940688273915897
2.548081167959131
2.790313368779179
2.0263192733954756
2.1451852478243256
2.020497342275384
1.5250349653927868
1.9475702725810358
1.5570190976827423
2.8004571274057315
2.2495900921131535
1.543696661639982
2.0509931542018904
2.574312759837999
1.889738202751585
2.622713598628208
1.954109253754862
2.6921508523554807
2.3833761246491445
2.1519129882185495
2.7600484686063833
2.9849635487122788
2.4604177801053733
1.785938747975724
1.9929189069481836
2.0531684106423858
2.558337430007016
2.7915039202627847
3.0279246933986594
2.303417062652876
2.1192431199258386
2.4015576525759417
1.959568356805373
1.5595111387280096
2.0867426844980947
3.2261721383421302
1.4887842084852436
1.9214095486402245
1.4064758046992578
2.093015338838895
2.0648182241777957
2.2375908594327143
2.810434488170707
2.613672810230394
2.7268722604934617
1.1977323627294636
1.9972487138465533
1.4819598639044862
1.376427320666385
2.4715601759063937
2.690307573036241
2.358545592854917
2.3314978411187344
2.260736473362287
2.5095369351288275
2.10663704423545
2.5313574088106625
2.4316534491134276
2.080882222820796
1.8117149378042927
1.0903748987152109
2.420820382495301
1.967883311349678
1.3628471221947716
1.4822410452231938
1.2999264339676018
2.3396664758523897
1.7675672118927932
1.3961989072880305
1.8101856703007893
2.2361611307353666
2.620575234352218
2.224305247836357
2.593209000651835
2.652314528598072
1.5292928992862376
1.5724730080072273
2.584185547209199
1.5381652804281187
2.2450199508143402
2.255710382496185
2.1430675770110548
2.226206195577621
3.4233725667185624
2.2744871504369124
1.437420665457263
1.1765730141183344
2.392429074751272
2.3949195106725143
2.5187677022819415
1.11009734300121
1.991265669045573
3.208589562693328
2.730502102044079
2.2296292211761886
2.224894209594374
1.9265755715623305
1.9650173652987384
3.040321639706156
2.7743620392163106
1.759568639399887
1.7605480492823984
2.0606868119449335
1.7652907747151343
2.6595163599519056
2.20598431172071
1.7731886849835785
2.3205710445420094
2.081498087165362
2.4917896588612876
2.477385602055204
2.232456506988855
1.8034695361554394
2.136035248244742
2.127573403353794
0.5861153504771113
2.166647073450602
2.067031955890257
2.1225168752982233
2.387513103541733
2.3199732132053494
2.3560992002106453
2.6398522555761748
2.4447550719889812
2.3340934920948806
2.959928166935323
2.0561185251421765
1.9452781544745288
2.454100408098398
2.4923056248463342
1.461245884262451
1.9879458671682184
2.6654416058594776
1.5911328407758951
1.3031554464233917
1.9865202001130242
2.5905745382099337
2.424724760415169
2.4625177368045246
2.4480484015056865
2.054139502654155
2.071329195273159
2.5755186121028046
1.9755393425556833
2.727285050217393
1.9868903487044791
1.4231878453813236
2.27489212543131
2.257300319134254
2.8624855393114936
1.186797510395872
1.2120011300675197
2.5674342244818473
1.257242507821747
2.0732848951303593
2.539705869610002
2.2531097740002366
1.502843700457698
1.6418202822457801
1.433389379216149
2.2802274114727465
1.2065217712720133
1.4530043784334514
2.9619060282001173
1.3877532857956838
2.2358545128842007
2.6605336544474834
1.6780173905604028
2.0390190246174185
2.1576200628230735
1.82305430479275
2.36797526798263
2.07848323643052
2.8010741645765753
2.549222535789474
2.0837642000549663
1.8240981776325087
2.250948240427454
2.2114869160181096
2.0992884564121863
1.6328479675587173
1.6586779438547523
2.7757078302078844
1.7470039908862927
2.253346665214469
1.7134185319007305
2.2434043644336814
2.239644026635205
1.5990118917552911
2.2169053852571583
2.6167766631613842
1.9025882120134818
2.0225021869892883
1.5904859794873525
1.8577238822620419
2.891222803412104
2.827122534378716
1.9637615966667532
1.9635776809828749
1.6227550311863732
2.106222054191683
2.4190068860075034
2.0113117405021135
1.8936594675507432
2.540220973373157
2.1831242069634813
1.664298972364741
1.7319231674989601
1.3169553251698836
2.113675538473166
1.458925232128839
3.094188841026219
2.2141257246287607
2.755107510614764
1.7760941433278046
2.921352945258479
2.801425920165558
1.8045528489225622
1.5451877780179255
1.6447724698187385
1.9829727207283585
2.86314211734687
2.2402468827726203
1.4179580581010947
2.4106176789380194
2.3719361142962874
1.8892132114881188
2.2146923851449936
2.183251207419221
2.158899734957402
1.7746000300345142
1.0652771556168472
1.7676276081560447
2.3680987493008154
1.2150100511097182
2.280642092248771
2.350910178744025
1.8558049990711383
3.3674462140151546
2.2750944777492297
2.4269421369382544
2.583447181216892
2.7224364811565067
1.4130756448387576
2.040834827796388
2.4844822202335504
2.73166372250171
1.6254767992693735
3.493212801771296
2.146767916161248
1.8913185320325787
1.986994115747023
2.2952625917091387
3.068439751857527
2.37422911467997
2.519082374636296
2.4529694978955203
2.0599212584246236
2.1120942362486264
2.8220499979826124
1.3409037871007885
2.283640820908975
2.235609839319886
1.8047690691504892
2.459143328897541
2.8099323290359943
2.104164351185565
1.4091026785227458
2.3841356233292887
1.3811231869905083
2.4810776757964716
1.6364817924638573
2.433751169410297
2.3744165187678212
1.244409231378505
1.8076481874668686
1.740062877647351
1.6193313221382504
2.1454251163162166
1.736583800378425
2.735384536547218
2.5995279631310835
2.3009671880865685
1.6211087742280974
2.521408975725535
1.5117596872760843
2.331327532846753
1.989173859003054
1.2182714420845309
2.4173285175200543
3.4358411876611408
1.7889336805115033
1.9742413409275712
1.9341316315301447
1.7901835600326712
1.7633463705342114
2.453198605333349
2.092953517471882
2.2121357618969095
2.4065656885552262
2.2510301769575904
1.7376662275893564
1.451439058941991
1.861595221493641
2.14442491761808
2.0576957046057998
2.7776135612429114
1.4743625883317444
1.909046646462018
2.1991655405220802
1.7586529806742768
2.7292948563273396
2.4639992401151116
2.040211387753038
2.1863405614537412
2.6397293975560974
2.469226677202898
1.8564777650522228
2.094334639104852
1.9210293267285252
2.8382750939334658
2.9176892774534844
2.2274819411251543
2.6797100483448038
3.6408839939738975
2.273572354427413
2.369798968482256
2.7370351002393063
2.375624686407827
2.5811306977902153
2.277482096861211
1.0469477800702673
2.177091152175538
2.4077285783170317
1.2139188328762187
1.8881681562800527
1.316451193053494
2.533419750656524
1.993482040042406
2.2928163619744515
2.097428241602517
2.185582708969871
2.259123674938855
2.1457297913679287
2.2895959557182586
2.3106777071656244
1.0918792441108929
2.709897711102773
2.034636539980808
1.7559738732360262
1.1476476351746925
1.2549309076886401
2.6026346840768584
1.8114230110036411
1.9086767963925715
2.681957443665663
1.2416443238431305
1.970867806345097
2.13253089217603
2.220627815156908
1.3304591628756297
2.1989128688960493
1.3234861802960467
2.551096679498924
2.2870214066211894
2.425287457280749
1.360788389153213
1.9789326686303774
2.521858468575025
2.5631021017666757
1.6873198456616998
1.74812340011171
2.196750488133373
2.645675161818122
1.155438961753851
2.453970011633119
1.9491069298119323
1.8920758875346129
1.3868861948030176
2.1083502628565634
1.069792071105137
1.4986078659743391
1.8815341962176664
1.9100986340737083
1.9186664142469951
2.812911849709338
2.0640974056583237
1.0284967717934137
2.376744508399958
1.1840201728524002
1.685656380389781
1.8724337695090423
1.2588763029758196
1.870506052712027
1.1460286781459992
1.7686053723778457
1.7747594389212746
1.9951803241867496
2.7226474110644032
1.8706352998061722
1.9288027582163314
1.4577676461259572
1.9814275789888751
2.1550874925328927
0.5985058087552408
2.5664426556372004
1.9730005054782824
2.4471637786310856
2.498017968799256
2.3985438488032713
2.0501025179971455
2.580757372777392
2.658262275614632
1.6072528353916347
2.029693483197262
1.8225311509375177
2.243066322046917
1.1256282597702407
1.6535611260635399
2.9573685154322105
2.3730701194131116
1.3547931895634693
2.1750697389829883
2.89602755169756
2.021055843880726
1.5645827479466232
1.6792985816329433
3.1857204977227003
1.713779202453592
2.1077279247854688
2.143860328934692
1.98314150419665
1.8746787717882578
1.8988311750630813
2.168789524927161
2.2814545707901503
1.81951883997205
1.2411244425640384
2.4484394624162538
1.9840479824562522
2.202371672428761
2.2234518672643095
1.226927938539717
2.3709148178713946
1.554473723278891
1.6032896822070177
2.352554396161563
1.988571498972126
2.316991948885451
3.168968215630094
2.422913085568724
1.2356579430726913
2.697969314390246
1.6960661259533958
1.895578553372868
1.6501210929315664
2.021014383834926
2.1918916101100083
1.3502897857079947
2.452279911716554
2.0308559147381704
2.6062876086227047
2.573612243993737
2.802149862079944
2.4661150367136333
2.357322281762282
1.9987450161123974
1.5751294515789505
2.38764342862794
2.370797271817283
2.06601150610153
2.4262655623332154
2.0200542741255285
2.607834026662628
2.5559514897907576
2.0212711971942854
1.0736171477476817
2.2258440595852846
2.219637040722099
1.9783739647863579
1.8162756584770379
2.363874435920849
2.246476305796085
2.2468442634231756
2.627307429521829
2.43439411734304
1.673870717710356
2.424830389955863
2.0070788740187635
2.631903936891398
2.223716828147461
2.8675674152967825
2.0761567220170116
1.677066511763842
2.31430417712987
3.2925028077461307
2.202965462912948
0.9733654579579913
1.827534933791269
2.07931616917892
2.3431794589668136
1.9390992138875123
1.892773394350397
1.5467201751642756
1.8805646723589255
2.815929260990433
2.82023489524563
2.3473251467252503
1.6193298726748382
1.729782137892745
1.910526154136076
2.685374716021885
2.038072079321271
2.432367114988691
2.427357485337655
2.4266492087138767
1.6610653472015946
2.2580488899411804
3.10782778060336
2.392224806236393
1.81500768756896
2.7012090234505854
2.5991585327907165
2.280673735107513
1.6428407784598906
2.6179315150595763
1.336514193345665
2.501051166705704
2.5986559505196
1.0809610914436343
2.102786206039461
1.8982969770250253
2.961828633021913
3.119165469004866
2.8385153676698356
2.021177130775881
2.2295004840429327
2.4054525435445457
2.68007117957593
1.2528977494220856
2.1758836555536063
2.9386409981430686
2.534174051537838
2.36413938905232
2.0812016379569336
1.931834110194622
2.4777709296078436
2.6810476170307598
1.8035168027360298
1.7090461774463221
1.921733055433187
2.112407569942103
2.5075292440010473
1.7316081742231955
2.3421288857238762
3.2326838923867585
2.12849319839526
2.4661977373755013
3.11666086492734
2.264229093886151
2.294159218794836
2.726857394758991
2.4457387026867976
2.27981959942129
2.038989954476782
1.4907600770850613
1.3203067183343387
1.6538638258328118
1.579762976118491
2.6456957224262836
2.389426240700895
1.0852071114894126
2.242659703473081
1.222768588349672
2.171607758307582
1.7561526914494359
2.184437645586189
1.750328061674731
2.1975233798733638
1.8078072057635581
1.7612527690296462
2.9024966733465263
2.162873871461352
2.0615579091874494
1.7311550604431938
1.7686129029581423
2.5341127924140348
1.8546305453210197
2.599299653736306
1.5215747102524042
1.644803122496405
0.9077123675730825
1.0162511905824687
1.7793955175325258
1.8942031083052573
1.9016296371973123
1.3603407906120535
2.308876843727591
2.694128619016381
2.71950520786253
1.7961595103488501
1.6084456903579711
1.4840338906713813
1.3750482790428498
1.5653654773860315
2.3844217876050373
2.3263650648216894
1.8886837903883644
2.435517409743538
1.0970365015526762
2.4503834219185383
2.411516807003434
3.063766527360409
2.6763007573757998
1.445763014422528
3.0064728493397643
2.3822101394019826
2.103140430747869
2.9116830985027358
2.172909570063893
2.440077658878684
1.5804516652946448
2.8780913061226236
1.3710112979422104
1.6193288288809948
2.0435400424911014
1.737796882514726
2.124531719758334
1.9186741296075904
1.5363935951721968
3.189149549742751
1.7885303156235812
2.6570252567953023
1.8359521827814718
1.3167970997706218
2.9267855030092105
1.1835400621658243
1.9426234493407333
1.9260740231873823
2.1425638730717886
2.5822936663826246
2.89859210603197
3.437964922626038
2.6981967877584916
2.030036653415099
1.793135132009769
2.850536881485241
2.587531759986118
1.734011230820869
1.9945033965647812
1.282949167802554
1.0762263618838062
2.3514543513895405
1.982504177579466
2.700247500379956
2.109814220788758
2.2755500678524907
1.4545915862962844
2.517309770404832
1.3457712967935658
2.4048242903067254
2.7524527383708364
1.8524651758506736
1.7275549792815017
2.6734754164588868
2.376655182029429
2.0211634959992972
2.245635169803159
2.8435339926084304
3.2076967176065043
2.9450222858278483
2.760136613803383
1.4821773582563065
2.509100228073255
2.843520551539383
1.9066694203380306
1.3401741372873481
1.5928574776336657
2.1026197356136542
1.9703956146683685
2.0143260196707753
1.4806163164751143
1.8848307334315926
2.4048212595547893
2.104878200414878
2.1052558766277367
2.7854887187264135
0.8569200434347286
1.9488193589693381
1.9322111160034514
1.714746062537892
1.6181390764938055
0.9278191799114612
1.5936418841225855
2.6853915903680505
1.2355947048874092
3.2775053843029207
1.6527724914107853
1.7484467971756263
1.9430007621257064
2.6985242256610817
1.7287815526609562
1.6713424474444256
1.957264689391615
2.3097191794605845
1.8755393953667117
3.2565610589734453
2.3644182884253495
1.496671188106494
2.499522763050072
2.5346271030698664
2.7917524833440486
2.1822599375661724
2.3684475647544687
2.774088069363401
2.3870130030229437
2.6272339537909546
2.3475955563328332
1.885789020888787
2.157523078417747
2.173254954824163
0.4760315594757336
2.1792394929704977
2.068858582387435
1.934976520683841
1.7827853386324686
2.193672477519683
2.0281273232289556
1.5822790376597706
1.9753261748717539
1.55243070855177
1.765489157943792
1.739063490254689
2.1556761239807054
2.8460654679390713
2.375891687524142
1.4532488936122196
2.6360438330559033
2.307223313741188
2.672571438557693
2.10371257467805
2.046754816350267
2.5619728037476226
1.7951021953514352
2.9740878633233376
1.645090944906219
2.151322266433861
2.0545900820704928
2.2605446851401725
1.932901217314779
2.236358659613481
1.1459893284790978
1.8548989769942046
2.4395790887772177
2.275656582856225
1.8988671365378584
1.946035487277683
2.311101102413771
1.9775517769925957
1.847384061560763
1.6998981111102671
2.0711292954607834
2.60022205059214
1.5338504055831417
2.4080561423644005
2.6451296769152957
2.911087229132529
1.7867809061215127
1.8742001082884505
2.65112487113553
1.947889832804303
2.4674365681245347
2.186030667165703
2.11750302175079
2.0384727813769192
2.1025117893506704
1.6686371006856304
2.2228796799897155
2.1606206320715007
1.2945250830941584
2.2859459794222095
1.8746633030715432
1.7083985914543431
1.509339192437089
2.0473277747383842